       0/9     4.67G   0.04284   0.04094  0.008773   0.09256        46       640    0.7049    0.6192    0.6489    0.3826   0.07195    0.0601   0.01737
       1/9     18.6G     0.043   0.04109  0.008674   0.09276        67       640     0.719    0.6171    0.6546    0.3866   0.07182   0.06007   0.01739
       2/9     22.3G   0.04339   0.04108  0.008743   0.09322        14       640    0.7182    0.6256    0.6601    0.3909   0.07168   0.05993   0.01739
       3/9     22.3G   0.04341   0.04093  0.008674   0.09302         8       640    0.7275     0.627    0.6662    0.3964   0.07159   0.05977   0.01738
       4/9     11.8G   0.04289    0.0407   0.00835   0.09194        46       640    0.7236    0.6413    0.6744    0.4028   0.07142   0.05965   0.01737
       5/9     16.1G   0.04237   0.04011  0.008049   0.09053        41       640    0.7281    0.6498    0.6837    0.4095   0.07132   0.05963   0.01738
       6/9     4.62G   0.04207   0.03999   0.00784   0.08989        46       640    0.6692    0.5794    0.5987    0.3506   0.07261   0.06148   0.01878
       7/9     18.8G    0.0415   0.03973  0.007501   0.08873        67       640    0.6733    0.5802    0.6025    0.3533   0.07258   0.06162   0.01894
       8/9     22.6G   0.04097   0.03912  0.007168   0.08725        14       640    0.6528    0.6006    0.6054    0.3554   0.07254   0.06207   0.01907
       9/9     22.6G   0.04059   0.03864  0.006878    0.0861         8       640    0.6735      0.59    0.6081    0.3569   0.07252   0.06265   0.01921
