       0/9     16.8G   0.07581   0.03785   0.02771    0.1414        46       640    0.4618    0.2307    0.1666   0.08382    0.1068   0.08215    0.0235
       1/9     16.8G   0.05545   0.04227   0.01783    0.1155        67       640    0.5582    0.2474    0.2245    0.1178     0.101   0.08338   0.02169
       2/9     16.8G   0.05036    0.0416   0.01388    0.1058        14       640    0.4899    0.2782    0.2726    0.1437   0.09821   0.08525   0.02063
       3/9     16.8G   0.04752   0.04061   0.01206    0.1002         8       640    0.4927    0.3169    0.3159    0.1653   0.09586   0.08841   0.01968
       4/9     16.8G   0.04617   0.04168   0.01078   0.09863        46       640     0.488    0.3696    0.3609    0.1919   0.09287   0.09281   0.01864
       5/9     16.8G   0.04491   0.04193  0.009788   0.09663        41       640    0.5293    0.4052    0.4042    0.2195   0.08998   0.09646   0.01779
       6/9     16.8G   0.04395   0.04167  0.009208   0.09483        16       640    0.5477    0.4473    0.4431    0.2447   0.08756   0.09795   0.01726
       7/9     16.8G   0.04333   0.04132  0.008849   0.09349        47       640    0.5961    0.4643    0.4756    0.2663   0.08552   0.09791     0.017
       8/9     16.8G   0.04268   0.04089  0.008456   0.09203        28       640    0.6078    0.4911    0.5022    0.2841   0.08388   0.09726   0.01693
       9/9     16.8G    0.0423   0.04045  0.008223   0.09097        10       640    0.6358     0.505     0.524    0.2982   0.08265   0.09657   0.01697
